CAP>>>>

:       Zpeak     Zoffpeak   pbenpeak   pbenoff     isopeak     isoff      :=
30    -45.5407    -49.8459    10.5993    9.67633    6.25843    7.60747
40    -24.1525    -42.0014    13.3788   10.2603     1.85107    6.8835
50    -22.692     -34.1568    16.9844   10.8203     0.375102   6.15953
60     -3.10829   -26.3122    20.5709   11.3563     7.07673    5.43556
70     13.7684    -19.1079    24.9644   11.8757    13.9851     4.4672
80     13.9174    -12.1445    29.5624   12.367     15.7411     3.40677
90     19.1551     -5.18116   34.6511   12.8261    38.6345     2.34633
100    24.2335      1.78219   40.1292   13.2531    53.1417     1.2859
110    15.2285      8.74554   45.4798   13.6479    56.1737     0.225461
120    13.1295     17.5106    51.4264   14.0293    84.3684     0
;
:     CSpeak     CSoff    PSpeak     PSoff  investpeak    swpeak     swoff
 :=
30    236.771   225.395    91.58    65.74      125468     334.609   298.743
40    252.388   227.431   155.882   65.0989    151423     410.121   299.414
50    314.747   229.481   172.286   64.4416    246858     487.407   300.083
60    335.038   231.546   232.248   63.7679    275450     574.362   300.749
70    354.422   234.16    294.855   62.7206    301271     663.262   301.348
80    427.437   237.001   332.771   61.5111    428232     775.949   301.919
90    477.803   239.87    370.375   60.2718    503915     886.813   302.488
100   547.989   242.767   399.409   59.0028    584680    1000.54    303.055
110   645.728   245.691   417.186   57.704     687039    1119.09    303.621
120   680.323   247.285   470.764   57.0291    719553    1235.45    304.314

NOCAP>>>>

:       Zpeak     Zoffpeak   pbenpeak   pbenoff     isopeak      isoff      :=
30    -45.5407    -49.8459    10.5993    9.67633     6.25843    7.60747
40    -24.1525    -42.0014    13.3788   10.2603      1.85107    6.8835
50    -22.692     -34.1568    16.9844   10.8203      0.375102   6.15953
60     -3.10829   -26.3122    20.5709   11.3563      7.07673    5.43556
70     13.7684    -19.1079    24.9644   11.8757     13.9851     4.4672
80     13.9174    -12.1445    29.5624   12.367      15.7411     3.40677
90     19.1551     -5.18116   34.6511   12.8261     38.6345     2.34633
100    23.0469      1.78219   40.0826   13.2531     64.3823     1.2859
110    26.9386      8.74554   45.8897   13.6479     90.1301     0.225461
120    29.9467     17.5106    52.0277   14.0293    117.298      0
;
:     CSpeak     CSoff    PSpeak     PSoff  investpeak    swpeak     swoff
 :=
30    236.771   225.395    91.58    65.74      125468     334.609   298.743
40    252.388   227.431   155.882   65.0989    151423     410.121   299.414
50    314.747   229.481   172.286   64.4416    246858     487.407   300.083
60    335.038   231.546   232.248   63.7679    275450     574.362   300.749
70    354.422   234.16    294.855   62.7206    301271     663.262   301.348
80    427.437   237.001   332.771   61.5111    428232     775.949   301.919
90    477.803   239.87    370.375   60.2718    503915     886.813   302.488
100   527.911   242.767   408.841   59.0028    572144    1001.13    303.055
110   582.58    245.691   447.548   57.704     640372    1120.26    303.621
120   639.962   247.285   486.674   57.0291    707057    1243.93    304.314
